1542
9869
6627
9951
1286
1617
3690
5340
6542
7105
4425
2610
5032
6507
7552
1165
4453
5358
2637
5720
4153
2050
4537
3940
8858
3093
6617
4915
3636
5656
5426
3882
3833
2081
3657
7886
1799
7395
2593
9912
5658
3195
3758
3515
2076
4755
4858
4389
1778
5148
9734
3589
7689
3663
9524
3020
2776
7790
3170
6895
4480
4897
5042
4852
4298
2179
9487
4122
5991
4990
3850
9606
7534
5387
5326
4852
1577
6303
5697
9330
2713
8003
7268
4947
3212
6731
5205
9995
8619
9265
2179
1206
4329
3890
3313
2494
7289
3689
4191
9405
5287
5251
5037
6511
5098
1323
4329
5443
8096
3823
8171
2868
1955
9635
7295
2355
4378
6172
1635
2888
2203
2191
1514
1033
4592
4763
6672
6241
6775
1973
1575
8500
2806
7010
1689
8586
1359
1010
2007
5835
1888
1739
6505
2218
2438
7588
7375
5557
9540
2195
2456
9900
8654
9377
6480
5815
9371
2700
2903
7629
1731
2525
4184
5202
4365
3548
4855
7736
4331
7288
3799
1826
7674
2155
5811
8541
4949
7006
2803
9856
8209
1689
3498
2102
3414
2157
1421
3785
1700
9262
2910
5905
4445
4371
9066
1093
3706
3823
5543
7505
8345
4293
9651
1081
2796
4160
4785
5100
8813
9097
7845
5117
4825
9220
3874
3974
2235
9541
5113
8662
6539
2759
4717
3653
1286
7669
2005
5245
6967
4085
9577
2540
5574
4297
8241
4679
9064
7752
6546
9872
6136
7901
6803
4155
6525
5110
7119
3406
7179
6528
8907
1727
4007
6720
2467
5402
4165
6109
5752
3291
1747
7957
6669
4201
5436
6637
9754
1796
5982
3452
5264
2401
4869
1826
6182
7883
2604
5894
7123
8924
7320
5253
5821
4516
6456
6354
1193
6784
3002
3514
7332
3119
5343
9582
1346
5953
2962
6711
4109
7098
6677
6461
2761
5942
5740
3344
6989
9932
8822
2019
2892
4696
7578
7454
9677
3588
2630
1851
5975
2143
2869
5539
6273
4640
5674
4018
5098
3900
3960
1056
5964
6039
5741
5193
5982
4623
4790
2992
1506
4959
2564
4687
1787
1299
2415
1930
5732
4527
8434
2621
1853
3925
5543
4906
6303
3023
8124
3840
2459
1857
3783
3504
3245
6331
9462
6282
3223
3214
2370
7208
4211
5948
2445
1545
7288
5485
2841
9545
6514
4942
5771
6750
9915
3453
1648
5166
8190
9227
2774
1304
6854
6977
2094
8488
9314
1247
6288
1807
2667
2656
3145
1194
6089
9602
6009
4225
6763
3573
2943
1531
1054
9233
7633
6080
8136
5525
9886
8471
2134
5005
1095
4346
4058
4588
5405
3270
4337
3778
8596
7831
6084
9768
4553
7284
4860
4650
2656
7271
1700
1131
1818
4952
6354
2287
2012
8130
6614
3509
5739
6573
8142
3365
5023
5654
8737
3889
4701
3948
8682
3477
1922
7868
4896
9539
5116
7880
4284
1379
4323
2211
8402
1297
7944
3704
6916
8553
9829
8403
2563
7487
8230
5288
5423
3570
7654
7132
4673
1256
3581
7217
1223
8920
9800
6877
5344
1836
5129
5212
6552
5334
2569
1325
2598
9148
8508
1515
8749
5967
4627
9085
4088
3872
4695
9033
3689
5908
2245
5132
5235
1474
7421
2604
6102
5938
5856
1034
5860
7161
2737
9114
5130
8314
1347
3037
4368
5407
5843
9713
4061
6256
4415
6111
1341
8026
7319
9286
1388
1996
2051
2686
4447
6199
1446
8471
9897
8388
4945
7267
8155
2962
6859
4249
3448
8912
3375
8523
6144
6200
4759
2923
5867
4172
2896
5329
3665
1949
3757
5128
9471
6402
6417
5578
4685
7494
6119
3241
8454
9917
6620
1648
9367
8560
3727
4113
1979
6743
9000
4408
5478
3991
7911
1903
7617
4492
8702
6339
4990
6281
5818
3239
9628
1253
1917
5040
7677
9064
9520
2474
6894
8430
4824
4769
2750
4147
8350
2802
5395
5680
6491
7762
5041
1493
4267
2246
3029
4016
1089
3189
7594
8301
4012
6364
8281
2470
4825
1521
8038
5020
4737
3026
5536
8623
8429
5366
2145
4626
3351
8475
7104
7387
4818
2410
9395
4754
8340
2073
1560
3799
6314
8144
3414
6233
7237
6845
6359
9692
7805
4683
5505
6883
3939
3585
8206
4679
2003
3231
2048
4470
3362
9894
6553
2319
4108
5857
4450
4461
9417
6406
1402
2690
5792
4146
1738
4870
2397
7860
8294
8120
6215
7104
2398
5044
3069
3975
7462
3342
5579
8764
2771
5862
9327
9883
7391
3885
3953
8821
2471
5479
9402
1567
4251
6329
5564
9660
5437
4484
1242
5416
4718
1978
1345
6646
5461
4072
1688
9780
5137
6614
4044
1654
9049
4627
2735
3400
2002
1356
4106
5472
2842
6311
9440
8475
3770
4074
1436
2294
3809
5450
5766
9584
4534
5513
3643
2087
9254
5407
7595
3256
4031
5284
5518
4267
4436
5693
4689
5934
3578
3725
1246
4961
3602
1638
2754
1649
5433
3616
1610
7409
9964
7553
9344
1342
5383
1230
1787
1418
4456
6664
8438
2651
4680
6635
9282
6421
7138
3699
5997
1341
3207
6239
6981
1887
8608
7475
7416
8907
1606
2129
8678
8811
8671
4216
4593
3425
8410
8656
3315
3846
7404
2332
5873
8654
2123
6736
8311
3914
1948
2389
3620
8078
3784
4475
2847
9068
2373
5783
7970
5200
5466
6814
3462
5294
2050
3040
3208
6937
6724
9112
5530
5565
1018
1074
5173
3943
3906
8454
4741
1764
5082
4917
5989
7895
2711
1497
9077
3535
7991
4930
1577
4008
4156
1430
6180
2328
9572
8496
3197
1582
2712
6173
9825
6910
9338
5195
1849
2567
3771
9907
6637
2665
5803
8072
3921
8145
8050
7160
1062
5000
5446
4387
1940
7715
3094
7458
6280
5603
7599
9697
4345
5895
8725
1208
1591
4505
4292
8102
4029
1711
1503
1239
3526
3067
4265
1593
5470
5781
6210
2809
1891
5695
6844
8803
6540
3233
2894
1705
8832
8790
4609
9931
4282
1711
7850
5608
5612
1654
2160
7684
1082
4318
6854
3851
6328
9329
8274
5549
7542
5353
6495
6115
7811
1996
2407
4233
1704
3074
4446
7700
3606
3241
2667
6125
2419
2227
7216
5486
4368
8341
9573
5165
9759
8699
6079
3471
1660
3563
4455
5959
8817
4943
3016
9471
8766
2031
2945
6374
2536
6118
9604
4298
6833
7524
2493
3616
5705
7012
3383
7818
4268
7070
8052
1176
1052
2768
4404
3010
3297
1560
5088
3709
3285
3766
8854
8828
9628
5144
8920
9793
4684
1541
2497
8076
5370
6958
4159
7843
9942
9162
2183
6531
2879
5025
2237
1526
4266
3268
7323
5013
3247
3866
3804
2327
1484
6102
4594
4395
3198
8359
2149
2003
1645
9888
7452
3170
6768
5777
3857
8191
6937
9373
7184
2346
6234
3839
1888
8894
1552
8238
9069
2207
9142
8704
2589
4054
8565
2598
2018
3171
2971
5684
5567
3387
6690
5997
6607
1739
5811
8428
2898
5683
1810
3710
7457
2774
2524
5358
1348
7369
1302
4624
4842
8881
4311
8746
8545
8698
8385
4432
3486
1646
2068
3576
5464
9970
7867
5077
1760
5431
7139
4112
5179
3984
6530
5531
7811
4816
7101
5183
5851
7446
3292
3129
8114
4347
1777
8417
9433
3242
8951
2683
7256
3097
4607
8705
8014
4952
5841
2937
6520
1456
5857
9939
1020
6166
2072
8798
1790
5799
4549
3059
1283
1726
4003
3361
6324
4940
5725
4051
4597
3615
2743
3191
2159
5366
3334
6729
9746
7636
3051
6911
2695
8276
8764
4006
1325
3172
6492
6069
4442
8004
4077
7248
3813
5288
2834
7456
5185
4252
8265
9505
1733
5312
3857
6468
5690
8013
8457
2214
9076
9039
3713
7473
8365
6147
8053
3857
7350
5890
6855
9738
8015
1806
5356
5696
9569
3781
4890
6454
2378
8436
9975
3547
7192
8310
6934
9787
2154
2621
9110
2482
7004
9280
6660
5926
9809
6582
7610
2789
4238
7313
8608
1259
4332
6303
8218
7793
2494
6029
4121
6156
2316
4132
5823
6930
8680
1153
2621
2554
3823
8103
3591
3531
3185
2120
9963
8637
5116
7348
1789
7240
6022
5609
4207
2458
8115
2380
2959
4453
1886
8031
4562
4496
3922
2771
5703
2084
2251
3864
3183
9474
5936
9091
1892
9883
8861
1262
6310
2576
3039
9774
3798
5171
2318
4818
5885
4222
6658
7951
4500
8731
7695
2660
6250
1243
6387
5274
9977
6963
3850
7035
4658
2387
9775
6008
1931
6433
1158
2515
5630
3542
6136
1444
1843
9223
5862
1922
2488
2503
6922
2720
2761
3667
6994
3427
1307
1230
1566
9657
4397
4429
5005
8972
1632
9662
2818
6070
1790
4597
1557
6863
3466
2167
3167
3733
5526
2019
4278
3012
2643
9157
6442
4110
6516
5284
1671
5253
7396
7887
4660
9887
1177
4564
1667
4848
7769
1033
8818
9214
8012
1239
6426
3161
6138
5683
1166
3738
9143
3094
2541
4582
4515
5800
1188
8642
6007
9288
7038
8233
1493
5248
5533
3492
3695
5431
1374
7250
2507
7838
7495
6704
9302
5671
2484
3442
9510
5154
4899
3650
3916
4506
4981
8304
1586
2184
2862
5556
3169
8366
1758
3568
9887
6871
6553
1257
3255
8541
2012
7631
8136
3475
5841
3059
3523
6189
2805
4377
4759
5708
5336
7382
2463
1758
5580
3723
6415
9893
7977
8883
5867
1886
3081
8866
6641
2990
7128
2758
2855
9856
6590
8394
1184
8178
9280
7056
6003
6769
1115
8511
2140
7841
5251
7637
1399
9266
4139
1023
9571
9575
5709
9911
1587
6737
3141
7678
8667
4363
5097
8594
8889
2319
4540
6273
3561
4778
4811
4030
1998
8371
2727
8099
4686
8113
2620
7144
3965
4966
1650
6563
8468
1710
6042
3489
3588
2181
1731
4892
1885
5584
1805
8854
5980
3554
6573
2484
9421
4938
4867
4806
7157
3171
9073
1966
4971
1685
7925
9655
7096
6242
2384
5576