5993
6377
2102
6778
5141
6287
5087
5603
3107
6172
5505
4211
3253
6236
5820
4718
6246
8113
7988
9503
1660
4693
5182
5136
4158
7226
7493
4280
4986
3605
1787
9853
4715
6648
6891
1011
7881
2712
1751
9699
8145
9318
1509
3823
5719
1361
4216
3436
1889
8700
5124
4345
5934
4436
1593
5344
9646
2742
5996
8642
3299
2134
5603
2648
6961
2482
5439
3159
3834
1384
7471
8691
1534
4133
9042
6008
6433
2985
4309
4093
3388
7719
2126
2570
5425
7744
2360
3875
2145
3810
6393
4278
6008
7581
6568
7513
1916
6823
6338
8567
3625
3089
1087
4789
9305
1018
1168
1463
2962
3522
4972
3497
9816
3913
4492
4187
4373
6856
6883
1028
6958
8944
7266
3626
3376
7971
7035
2961
4306
7448
2988
4603
8341
8826
9022
5375
5266
3899
8455
8908
4570
3909
4429
1095
6556
4322
9684
4459
7178
2532
8145
8737
2933
3023
4936
7921
8899
6310
6171
3608
9405
2963
2684
3426
4462
1811
2357
8937
9305
3073
5206
8854
8450
3458
5327
2208
4536
8121
6439
2907
6169
5444
1020
2347
9231
5527
5691
3953
6001
9055
5034
8013
2029
2809
3300
9220
8164
4708
2989
3676