6121
8581
1677
9743
5194
1357
4400
7743
6467
4774
8737
5928
8933
1951
4579
7543
3572
5800
4850
9461
6113
3857
6705
7561
7618
3535
4558
9472
1496
3191
5752
5986
8969
8653
1236
5895
4519
2991
1724
1305
8570
5333
6098
3499
1753
3068
2164
2571
6990
4196
1040
1244
8683
1583
4745
1767
9111
4499
5674
8570
5357
9937
2659
7730
1967
2662
7690
4414
3527
2082
3787
1547
3623
8352
3915
6687
2018
2445
2513
6368
5601
7645
6943
4181
6666
2354
3160
5992
1559
4158
6474
3314
8211
3547
1381
8103
7370
9104
3972
7452
3257
3703
2868
1286
8691
7525
3435
3780
9894
3146
9700
7752
3310
3626
9239
6658
8944
3883
3629
1014
5826
3503
7101
5839
1681
1876
8009
3500
4962
1747
1045
2553
7501
3278
6120
2721
5975
7213
4395
6995
2695
1819
7362
2387
5851
1124
7169
6914
9148
8305
3314
5384
2144
6336
9420
7905
7838
9902
6805
4318
2663
3558
1891
3726
6195
7815
7871
9828
9737
5584
4323
8171
8716
5999
8086
2479
2794
9395
1693
2654
1822
5574
8476
2735
8577
2655
4086
9737
7204
1719
2673
6575
4457
1779
1518
1370
1027
4977
1856
7128
9075
8238
8234
1148
5004
1343
5861
6550
3537
9127
8866
9045
4798
2297
1021
8010
3253
3966
6548
8486
4282
7312
3159
5526
3928
2616
8191
6582
6133
2317
5683
1452
9683
5583
3473
1159
2985
2395
6322
5896
1314
1815
1465
2879
1516
7665
4029
1929
1436
1507
6973
4000
1256
8481
6212
9044
2956
6782
6734
6153
3097
4204
9369
3944
4323
4458
2871
2363
1370
2515
6203
5123
2724
2157
7289
8644
7704
5759
1452
2292
6150
2254
1626
2752
6293
9450
3426
3007
7789
9493
7458
1803
3255
2124
5570
9525
8122
2976
2285
1616
2319
2719
9952
3457
1431
1351
3699
8525
6539
3779
3649
7444
9323
4457
9723
7444
6547
2258
3801
1377
2044
6932
9467
7644
6623
6757
1117
7730
8504
2753
4362
4934
3136
3374
4122
5825
8394
3102
2543
2865
5875
2508
4924
5272
7948
4099
2575
8711
2313
7835
9977
4426
2095
7789
7123
7021
7666
2529
8715
5335
6260
9605
1239
3030
3181
6737
4209
8540
2247
6314
4460
9473
7321
1388
9382
2744
4079
4595
1447
9574
2408
9763
6001
2664
4224
9486
7343
4669
3598
1358
4475
1197
4016
5156
3379
1543
2726
2881
2044
9689