6271
2488
4229
2543
2912
3379
7501
4160
3336
2106
1933
7955
2513
3650
9610
3895
6784
1393
8760
1252
6938
9852
3491
2553
9227
2718
1711
4690
2420
8632
3724
4236
3437
3084
6620
1508
9780
9734
6751
5332
3188
6805
2850
4232
1858
6406
5851
7513
7740
8610
6079
3823
1811
2417
1208
9892
7106
6215
3129
1166
4359
8798
5084
8990
2265
3149
1167
1111
3811
2679
4241
6240
3857
8286
2795
3222
8880
9985
7909
5756
1507
8332
5078
4708
6451
3008
4329
6259
2790
3242
5196
1904
1891
9984
5379
5197
8213
9274
5124
5313
4390
2165
9220
7172
6902
1757
2410
6821
3012
3284
1898
3481
5476
2270
3045
2237
9602
5352
2022
3502
8158
6280
7504
1550
4497
9246
6863
4426
2374
2827
1581
6809
3084
2000
4846
7768
6828
8667
3469
4964
6478
5590
6912
8128
2984
7985
8098
4704
4265
5873
6743
7052
6803
9048
2477
9793
7912
6334
6938
9292
7023
8720
5688
8265
6558
7689
1496
6323
4010
3311
3814
4021
6525
9351
3729
7792
1935
9507
8958
5910
8232
3691
2325
8766
9421
3114
8140
1985
6361
3698
5754
6301
5302
2178
4199
3615
7732
2967
3299
1183
7232
3529
8884
7398
3657
6480
9339
2155
2480
3486
8409
6391
7550
1319
2350
6317
8115
5590
2579
1286
6627
3946
6913
7611
9995
7737
9465
2532
3781
2659
6293
6650
9920
7706
7950
7240
8404
7048
4952
1783
2340
3114
4603
3722
1524
6500
5156
5031
3397
5133
4251
4823
7519
9844
5230
4199
8831
9243
8670
6656
1905
8123
3504
7541
1672
3769
4350
8891
7851
9055
4759
4365
1178
5358
9757
6144
2018
3370
1685
7052
4188
6246
3909
7461
3101
2394
4737
6929
7641
7090
6294
5667
3866
1041
2938
7863
4960
4494
5787
2503
8809
7430
5864
6941
1299
5034
1917
6706
7150
8994
2939
6718
7280
3673
8903
7569
3228
5219
3914
4785
2667
3445
4721
5677
9909
3628
4517
1978
5665
9665
3797
3659
3643
5564
2355
2671
1878
7734
2733
8422
1299
1363
8597
7411
3104
8007
3955
7017
4012
2176
1456
4103
1090
4093
8863
9837
3309
6189
1912
1596
1307
2147
7212
6985
6980
1241
9072
4602
7268
5363
2915
6276
5167
8701
7018
2173
7805
1383
3311
2877
2591
7512
5278
4106
7665
1825
1000
1036
1127
4259
4474
5550
1045
5115
4768
2303
4234
7173
3231
4600
6461
6368
6545
4526
5179
6088
4084
7162
8095
6249
1125
1495
6123
5403
5505
9139
2085
8513
1244
2362
3454
8302
6309
5560
3751
7522
8962
6710
6309
2769
3336
4719
5856
2277
4766
1930
6782
9837
9818
8354
1629
1830
6308
9485
7328
3257
2178
8130
5225
1805
2003
3711
8864
1943
5664
1698
9099
2631
6424
8038
6439
6132
7571
1296
5493
4394
8553
1450
9985
3651
9996
1919
6703
6965
4443
8128
9647
3571
9625
9895
5291
5430
8357
2411
1493
7501
9307
2387
6471
8554
3619
9854
5341
2759
8568
6626
8053
7104
9484
6316
4283
6699
5378
2072
5022
6966
8108
8512
5311
4376
7086
7138
1435
5659
7379
1829
2503
2456
6222
8941
5891
6643
8843
4464
7994
7840
4944
6055
6624
3334
6734
8497
9733
2308
9868
6220
7930
8762
6550
1461
2345
7792
6786
4146
4450
2076
5275
9535
4539
2984
7537
9790
7792
3099
8457
2442
4931
6497
1993
1581
2702
2557
2007
3464
8878
6734
4122
6052
2410
8823
3777
8999
4029
3172
9627
1329
4000
1810
1087
3135
9579
4190
2668
4951
3709
5897
5419
6333
8947
1314
4532
1022
3653
9556
3911
8891
9055
2929
1781
6680
5087
5400
1701
8421
5666
3795
4498
6749
9692
7300
1453
3670
3319
1337
8944
7864
5123
2861
7059
1649
3624
4729
9290
4384
7256
6427
2350
9256
9624
1006
8395
3568
7528
3586
1530
4297
3585
8333
7504
1519
4239
1530
3311
2219
5247
3921
4675
1784
2386
4824
5232
6942
1266
4184
4210
2723
4229
9810
3828
5472
5200
4772
5269
3067
4638
1255
3072
2857
9905
5923
2196
3943
2528
1333
2195
5600
5642
1063
7622
4625
9025
8929
1929
2499
2274
8511
7683
9521
9861
1426
7681
7723
6192
9196
1620
1882
8032
3822
2199
9910
2467
9628
2573
5372
7320
4780
1243
3595
4808
8346
8762
4113
8441
4400
4208
8809
5536
2236
1623
8073
5383
4002
6078
2697
6031
8708
9414
8302
2432
8783
8152
2695
1206
2440
4157
7351
5318
2023
2190
4261
4770
8747
2517
1401
4673
2773
6188
7400
8427
2817
8085
1562
4203
7883
2017
2513
2406
1134
4836
2269
7963
8947
5001
3726
9779
3512
9843
2473
7099
8063
6068
4390
7880
8472
4065
9225
3706
5825
6357
7768
5420
4101
6876
9829
5067
2651
2867
6637
5564
4993
9983
4847
8163
7897
3115
3017
2634
7691
9815
8984